              precision    recall  f1-score   support

           0     0.8038    0.5490    0.6524      1000
           1     0.8929    0.7170    0.7953      1000
           2     0.5701    0.5980    0.5837      1000
           3     0.5298    0.5340    0.5319      1000
           4     0.5686    0.6550    0.6087      1000
           5     0.6157    0.5720    0.5931      1000
           6     0.6256    0.8440    0.7186      1000
           7     0.7402    0.7580    0.7490      1000
           8     0.7406    0.8480    0.7907      1000
           9     0.8613    0.7390    0.7955      1000

    accuracy                         0.6814     10000
   macro avg     0.6949    0.6814    0.6819     10000
weighted avg     0.6949    0.6814    0.6819     10000
