              precision    recall  f1-score   support

           0     0.7165    0.5130    0.5979      1000
           1     0.8241    0.6700    0.7391      1000
           2     0.4967    0.4450    0.4694      1000
           3     0.4894    0.3010    0.3728      1000
           4     0.3647    0.6470    0.4665      1000
           5     0.6300    0.3440    0.4450      1000
           6     0.3780    0.9310    0.5377      1000
           7     0.9055    0.2970    0.4473      1000
           8     0.6222    0.8070    0.7027      1000
           9     0.9275    0.5120    0.6598      1000

    accuracy                         0.5467     10000
   macro avg     0.6355    0.5467    0.5438     10000
weighted avg     0.6355    0.5467    0.5438     10000
