              precision    recall  f1-score   support

           0     0.4469    0.5720    0.5018      1000
           1     0.5521    0.5140    0.5324      1000
           2     0.5280    0.0660    0.1173      1000
           3     0.2712    0.3040    0.2867      1000
           4     0.2967    0.2890    0.2928      1000
           5     0.4296    0.2350    0.3038      1000
           6     0.2487    0.9160    0.3912      1000
           7     0.6450    0.3180    0.4260      1000
           8     0.7000    0.2940    0.4141      1000
           9     0.6690    0.2850    0.3997      1000

    accuracy                         0.3793     10000
   macro avg     0.4787    0.3793    0.3666     10000
weighted avg     0.4787    0.3793    0.3666     10000
