              precision    recall  f1-score   support

           0     0.8200    0.6740    0.7398      1000
           1     0.8886    0.7900    0.8364      1000
           2     0.6178    0.6190    0.6184      1000
           3     0.5470    0.4770    0.5096      1000
           4     0.5170    0.8040    0.6294      1000
           5     0.6372    0.5920    0.6138      1000
           6     0.7369    0.7730    0.7545      1000
           7     0.8461    0.6980    0.7649      1000
           8     0.7722    0.8680    0.8173      1000
           9     0.8446    0.7880    0.8153      1000

    accuracy                         0.7083     10000
   macro avg     0.7227    0.7083    0.7099     10000
weighted avg     0.7227    0.7083    0.7099     10000
