              precision    recall  f1-score   support

           0     0.7967    0.4820    0.6006      1000
           1     0.8707    0.6800    0.7636      1000
           2     0.6012    0.3950    0.4768      1000
           3     0.4720    0.3450    0.3986      1000
           4     0.4110    0.6830    0.5131      1000
           5     0.5847    0.4660    0.5186      1000
           6     0.4319    0.9140    0.5866      1000
           7     0.8316    0.4790    0.6079      1000
           8     0.6494    0.8650    0.7419      1000
           9     0.8708    0.6470    0.7424      1000

    accuracy                         0.5956     10000
   macro avg     0.6520    0.5956    0.5950     10000
weighted avg     0.6520    0.5956    0.5950     10000
