              precision    recall  f1-score   support

           0     0.8592    0.8180    0.8381       500
           1     0.9372    0.8960    0.9162       500
           2     0.8093    0.7640    0.7860       500
           3     0.7506    0.6320    0.6862       500
           4     0.7603    0.8820    0.8167       500
           5     0.7907    0.7180    0.7526       500
           6     0.7800    0.9360    0.8509       500
           7     0.9031    0.8760    0.8893       500
           8     0.8672    0.9400    0.9021       500
           9     0.8963    0.8820    0.8891       500

    accuracy                         0.8344      5000
   macro avg     0.8354    0.8344    0.8327      5000
weighted avg     0.8354    0.8344    0.8327      5000
