              precision    recall  f1-score   support

           0     0.8364    0.7210    0.7744      1000
           1     0.9345    0.7990    0.8615      1000
           2     0.6899    0.6230    0.6548      1000
           3     0.7034    0.4980    0.5831      1000
           4     0.5847    0.8660    0.6981      1000
           5     0.7192    0.6300    0.6716      1000
           6     0.6868    0.8990    0.7787      1000
           7     0.8919    0.7260    0.8004      1000
           8     0.7774    0.9220    0.8435      1000
           9     0.8549    0.8600    0.8574      1000

    accuracy                         0.7544     10000
   macro avg     0.7679    0.7544    0.7524     10000
weighted avg     0.7679    0.7544    0.7524     10000
