              precision    recall  f1-score   support

           0     0.7252    0.5490    0.6249      1000
           1     0.8768    0.5550    0.6797      1000
           2     0.6298    0.2960    0.4027      1000
           3     0.4557    0.2570    0.3286      1000
           4     0.3696    0.7680    0.4990      1000
           5     0.5930    0.4240    0.4945      1000
           6     0.4186    0.9050    0.5724      1000
           7     0.8413    0.4400    0.5778      1000
           8     0.6598    0.8300    0.7352      1000
           9     0.7833    0.6580    0.7152      1000

    accuracy                         0.5682     10000
   macro avg     0.6353    0.5682    0.5630     10000
weighted avg     0.6353    0.5682    0.5630     10000
